     X       NACA 64(2)-215-(201)-Re=   9e+06-Alpha=21.00-NCrit=  9.0-XTrTop=0.006-XtrBot=1.000         X       Wall_shear_Top         X       Wall_shear_Bot    
                                    0.07670877      0.0001288378     0.08670612      3.007573e-05  
                                     0.0675316      0.0003454347     0.09737508      0.0001535325  
                                    0.05922983      0.0005820233      0.1085507      0.0002605835  
                                     0.0517636      0.0009157344      0.1201147      0.0003304238  
                                    0.04505501       0.001285202       0.131965      0.0003990208  
                                    0.03906937       0.001776763      0.1440135      0.0004404112  
                                    0.03379273       0.002333888      0.1562011      0.0004828066  
                                    0.02917655       0.003031518      0.1685031      0.0005115142  
                                    0.02514149       0.003933255      0.1809072      0.0005373583  
                                    0.02160686       0.005082947      0.1934006      0.0005571518  
                                    0.01850168       0.006296244      0.2059691      0.0005745659  
                                    0.01575921       0.007722857      0.2185981      0.0005894652  
                                    0.01332231       0.009362654      0.2312714      0.0006015881  
                                    0.01114809        0.01136219      0.2439705      0.0006119764  
                                   0.009207856        0.01364674      0.2566753      0.0006216894  
                                   0.007476423        0.01707985      0.2693673      0.0006304163  
                                   0.005938587        0.01977935      0.2820404      0.0006368589  
                                   0.004591262        0.02121694      0.2947052      0.0006415422  
                                   0.003434368        0.02390128       0.307389      0.0006429559  
                                   0.002459405        0.02657397      0.3201237      0.0006430977  
                                   0.001654875        0.02928673       0.332913      0.0006452942  
                                   0.001010478        0.03176626      0.3457178      0.0006499479  
                                   0.000518868        0.03366896      0.3584574      0.0006646637  
                                  0.0001764365        0.03452647       0.371043      0.0006790022  
                                 -1.605807e-05        0.03297517      0.3834451      0.0006822217  
                                 -5.751153e-05        0.02805631      0.3957011      0.0006744408  
                                  4.571033e-05        0.02432703      0.4079036      0.0006428633  
                                  0.0002903432        0.02114872      0.4201726      0.0006029828  
                                  0.0006775052        0.01828336      0.4325955      0.0005719528  
                                   0.001212125        0.01558496      0.4452072      0.0005489599  
                                    0.00190256        0.01276845      0.4579803      0.0005402359  
                                   0.002760029       0.009084083      0.4708398      0.0005378278  
                                   0.003797255       0.002997771      0.4837233      0.0005323819  
                                   0.005024264      -0.001697299      0.4966027      0.0005240556  
                                   0.006438901      -0.001177126      0.5094853      0.0005120511  
                                   0.008036758        0.02125996      0.5223983      0.0004988128  
                                   0.009833841        0.03809709      0.5353618      0.0004861638  
                                    0.01185358        0.03960275       0.548383       0.000474554  
                                    0.01412665        0.03552332      0.5614559      0.0004646981  
                                    0.01669678        0.03058583      0.5745684      0.0004554668  
                                    0.01961706        0.02595746      0.5877116      0.0004463394  
                                    0.02294751         0.0220464      0.6008821      0.0004373013  
                                    0.02674973        0.01942337      0.6140812      0.0004283974  
                                    0.03109705        0.01750055       0.627312       0.000419678  
                                    0.03605813        0.01586607      0.6405772      0.0004111924  
                                    0.04167154        0.01441507      0.6538783      0.0004029725  
                                    0.04794403        0.01312361      0.6672161      0.0003950391  
                                    0.05490134         0.0120332       0.680589      0.0003874092  
                                    0.06261892        0.01105864      0.6939935      0.0003800501  
                                    0.07115304        0.01017218      0.7074233      0.0003726695  
                                     0.0804864       0.009421456      0.7208698      0.0003655757  
                                    0.09050952       0.008777548      0.7343217      0.0003592579  
                                     0.1010717       0.008226401       0.747765      0.0003537541  
                                     0.1120498       0.007767728       0.761183      0.0003488476  
                                     0.1233464       0.007359845      0.7745587       0.000345092  
                                     0.1348738        0.00698979      0.7878758      0.0003428088  
                                      0.146568       0.006652627      0.8011192      0.0003417761  
                                     0.1583995       0.006348897       0.814276      0.0003417962  
                                     0.1703637       0.006070589      0.8273404      0.0003446314  
                                     0.1824542       0.005812942      0.8403173      0.0003511986  
                                     0.1946575       0.005575427      0.8532211      0.0003629743  
                                     0.2069522       0.005362205      0.8660704      0.0003802251  
                                     0.2193128       0.005167334      0.8788643      0.0003994852  
                                     0.2317158       0.004983388      0.8915711      0.0004188407  
                                     0.2441412        0.00480732       0.904132      0.0004306569  
                                     0.2565726       0.004637868      0.9164616      0.0004373933  
                                     0.2690002       0.004472045      0.9284397      0.0004601713  
                                     0.2814251        0.00430628      0.9399306      0.0005084144  
                                     0.2938605       0.004137961      0.9508151       0.000592911  
                                     0.3063319       0.003963318      0.9610166      0.0007275269  
                                     0.3188656       0.003783804       0.970516      0.0009107582  
                                       0.33146       0.003603985      0.9793414       0.001169018  
                                     0.3440756       0.003427351      0.9875446       0.001547029  
                                     0.3566348       0.003261532      0.9951858       0.002646639  
                                     0.3690526        0.00309674              1        0.00173095  
                                     0.3812975       0.002915534         1.0001                 0  
                                     0.3934001       0.002707344       1.004917                 0  
                                     0.4054426       0.002460112       1.010414                 0  
                                     0.4175374       0.002179688       1.016681                 0  
                                      0.429772       0.001883782       1.023825                 0  
                                     0.4421866       0.001583861       1.031967                 0  
                                     0.4547652       0.001291834       1.041245                 0  
                                     0.4674401       0.001015881       1.051817                 0  
                                     0.4801457      0.0007612586       1.063861                 0  
                                     0.4928471      0.0005349657       1.077582                 0  
                                     0.5055429      0.0003419396       1.093211                 0  
                                     0.5182571      0.0001823611       1.111011                 0  
                                     0.5310124      4.741746e-05       1.131282                 0  
                                     0.5438188      1.330304e-06       1.154363                 0  
                                     0.5566733     -6.262166e-07       1.180642                 0  
                                     0.5695625     -1.430385e-06       1.210557                 0  
                                     0.5824752     -1.647924e-06       1.244607                 0  
                                     0.5954059     -1.641762e-06       1.283358                 0  
                                     0.6083556     -1.567497e-06       1.327452                 0  
                                     0.6213296     -1.491613e-06        1.37762                 0  
                                     0.6343321     -1.426264e-06        1.43469                 0  
                                     0.6473649     -1.369362e-06       1.499603                 0  
                                     0.6604272      -1.31845e-06       1.573429                 0  
                                     0.6735169     -1.271818e-06       1.657383                 0  
                                     0.6866319     -1.228345e-06       1.752844                 0  
                                     0.6997712     -1.187294e-06       1.861381                 0  
                                     0.7129342      -1.14816e-06                                   
                                     0.7261219     -1.110609e-06                                   
                                     0.7393365     -1.074421e-06                                   
                                     0.7525822     -1.039452e-06                                   
                                     0.7658644     -1.005608e-06                                   
                                     0.7791853     -9.728379e-07                                   
                                     0.7925402     -9.411266e-07                                   
                                     0.8059168     -9.104868e-07                                   
                                      0.819295     -8.809497e-07                                   
                                     0.8326495     -8.525531e-07                                   
                                      0.845952     -8.253333e-07                                   
                                      0.859172       -7.9932e-07                                   
                                     0.8722853     -7.745197e-07                                   
                                     0.8852874     -7.508949e-07                                   
                                     0.8981947     -7.283702e-07                                   
                                     0.9110376      -7.06851e-07                                   
                                     0.9237892     -6.863393e-07                                   
                                     0.9362803     -6.670462e-07                                   
                                     0.9482419     -6.492881e-07                                   
                                     0.9594138     -6.333153e-07                                   
                                     0.9696582     -6.191743e-07                                   
                                     0.9789797     -6.067179e-07                                   
                                     0.9874583     -5.957231e-07                                   
                                     0.9951978     -5.859743e-07                                   
                                             1     -5.801937e-07                                   
                                        1.0001                 0                                   
                                      1.004917                 0                                   
                                      1.010414                 0                                   
                                      1.016681                 0                                   
                                      1.023825                 0                                   
                                      1.031967                 0                                   
                                      1.041245                 0                                   
                                      1.051817                 0                                   
                                      1.063861                 0                                   
                                      1.077582                 0                                   
                                      1.093211                 0                                   
                                      1.111011                 0                                   
                                      1.131282                 0                                   
                                      1.154363                 0                                   
                                      1.180642                 0                                   
                                      1.210557                 0                                   
                                      1.244607                 0                                   
                                      1.283358                 0                                   
                                      1.327452                 0                                   
                                       1.37762                 0                                   
                                       1.43469                 0                                   
                                      1.499603                 0                                   
                                      1.573429                 0                                   
                                      1.657383                 0                                   
                                      1.752844                 0                                   
                                      1.861381                 0                                   

