     X       NACA 64(2)-215-(201)-Re=   9e+06-Alpha= 9.50-NCrit=  9.0-XTrTop=0.010-XtrBot=0.717         X       Wall_shear_Top         X       Wall_shear_Bot    
                                    0.02160686      0.0001882945     0.02514149      0.0001011147  
                                    0.01850168      0.0005940676     0.02917655        0.00031181  
                                    0.01575921       0.001035092     0.03379273      0.0005128065  
                                    0.01332231       0.001677139     0.03906937      0.0006229162  
                                    0.01114809       0.002371163     0.04505501      0.0007470141  
                                   0.009207856       0.003323276      0.0517636      0.0007951684  
                                   0.007476423        0.00455067     0.05922983      0.0008593306  
                                   0.005938587        0.00588504      0.0675316      0.0008761654  
                                   0.004591262       0.007055787     0.07670877      0.0008940697  
                                   0.003434368       0.008611192     0.08670612      0.0009004028  
                                   0.002459405        0.01017408     0.09737508      0.0008972516  
                                   0.001654875        0.01189315      0.1085507      0.0008918596  
                                   0.001010478        0.01358983      0.1201147      0.0008824601  
                                   0.000518868        0.01516986       0.131965         0.0008682  
                                  0.0001764365        0.01641153      0.1440135      0.0008529035  
                                 -1.605807e-05         0.0167336      0.1562011      0.0008396269  
                                 -5.751153e-05        0.01564361      0.1685031      0.0008281967  
                                  4.571033e-05        0.01497089      0.1809072      0.0008147752  
                                  0.0002903432        0.01422036      0.1934006      0.0008015576  
                                  0.0006775052        0.01344719      0.2059691      0.0007902356  
                                   0.001212125        0.01264047      0.2185981      0.0007806436  
                                    0.00190256        0.01172671      0.2312714      0.0007703963  
                                   0.002760029        0.01050075      0.2439705      0.0007603703  
                                   0.003797255        0.00839786      0.2566753      0.0007521651  
                                   0.005024264       0.003379497      0.2693673      0.0007449485  
                                   0.006438901     -0.0005139119      0.2820404      0.0007359749  
                                   0.008036758     -0.0007723084      0.2947052      0.0007253167  
                                   0.009833841     -0.0001149237       0.307389       0.000710793  
                                    0.01185358        0.01253203      0.3201237      0.0006950147  
                                    0.01412665        0.01968334       0.332913      0.0006832146  
                                    0.01669678         0.0192757      0.3457178      0.0006768311  
                                    0.01961706        0.01696991      0.3584574      0.0006856492  
                                    0.02294751        0.01488128       0.371043      0.0006968384  
                                    0.02674973        0.01360193      0.3834451       0.000694101  
                                    0.03109705        0.01270751      0.3957011      0.0006745204  
                                    0.03605813        0.01191851      0.4079036      0.0006224463  
                                    0.04167154        0.01118444      0.4201726      0.0005550763  
                                    0.04794403        0.01050568      0.4325955      0.0004956376  
                                    0.05490134       0.009929847      0.4452072      0.0004479539  
                                    0.06261892       0.009399638      0.4579803      0.0004206704  
                                    0.07115304       0.008900894      0.4708398      0.0004059294  
                                     0.0804864       0.008480381      0.4837233      0.0003919417  
                                    0.09050952       0.008116133      0.4966027      0.0003762496  
                                     0.1010717       0.007801003      0.5094853      0.0003567653  
                                     0.1120498       0.007542562      0.5223983      0.0003354044  
                                     0.1233464       0.007307621      0.5353618      0.0003141582  
                                     0.1348738        0.00708965       0.548383      0.0002938597  
                                      0.146568       0.006888242      0.5614559       0.000275443  
                                     0.1583995       0.006707894      0.5745684      0.0002579883  
                                     0.1703637       0.006543026      0.5877116      0.0002409109  
                                     0.1824542       0.006390739      0.6008821       0.000224059  
                                     0.1946575       0.006252152      0.6140812      0.0002073929  
                                     0.2069522       0.006134097       0.627312      0.0001909414  
                                     0.2193128       0.006031255      0.6405772      0.0001748049  
                                     0.2317158       0.005936306      0.6538783      0.0001591863  
                                     0.2441412       0.005847211      0.6672161      0.0001445081  
                                     0.2565726       0.005764102       0.680589      0.0001316676  
                                     0.2690002       0.005684665      0.6939935      0.0001228275  
                                     0.2814251       0.005605652      0.7074233        0.00012418  
                                     0.2938605       0.005525075      0.7208698      0.0003298208  
                                     0.3063319       0.005438436      0.7343217       0.001437088  
                                     0.3188656       0.005348718       0.747765       0.002290023  
                                       0.33146       0.005263639       0.761183       0.002619079  
                                     0.3440756       0.005189303      0.7745587       0.002664529  
                                     0.3566348       0.005142841      0.7878758       0.002611893  
                                     0.3690526       0.005112727      0.8011192       0.002532785  
                                     0.3812975       0.005072548       0.814276       0.002450921  
                                     0.3934001       0.005007427      0.8273404        0.00237603  
                                     0.4054426       0.004889562      0.8403173       0.002310709  
                                     0.4175374        0.00472301      0.8532211       0.002256355  
                                      0.429772       0.004539642      0.8660704       0.002212197  
                                     0.4421866       0.004353805      0.8788643       0.002172761  
                                     0.4547652       0.004183376      0.8915711       0.002134689  
                                     0.4674401       0.004033886       0.904132        0.00208791  
                                     0.4801457       0.003893874      0.9164616       0.002034245  
                                     0.4928471       0.003759382      0.9284397        0.00199587  
                                     0.5055429        0.00362649      0.9399306       0.001981712  
                                     0.5182571       0.003494131      0.9508151       0.002000846  
                                     0.5310124        0.00336416      0.9610166       0.002061534  
                                     0.5438188       0.003237384       0.970516       0.002154326  
                                     0.5566733       0.003115101      0.9793414       0.002282431  
                                     0.5695625       0.002997218      0.9875446       0.002456287  
                                     0.5824752       0.002882515      0.9951858       0.002774749  
                                     0.5954059       0.002770417              1       0.002591803  
                                     0.6083556       0.002660341         1.0001                 0  
                                     0.6213296       0.002552162       1.004915                 0  
                                     0.6343321       0.002445982       1.010409                 0  
                                     0.6473649        0.00234183       1.016673                 0  
                                     0.6604272       0.002239808       1.023813                 0  
                                     0.6735169       0.002139686       1.031952                 0  
                                     0.6866319       0.002041197        1.04123                 0  
                                     0.6997712        0.00194415       1.051804                 0  
                                     0.7129342       0.001848359       1.063856                 0  
                                     0.7261219        0.00175364       1.077592                 0  
                                     0.7393365       0.001659789       1.093246                 0  
                                     0.7525822       0.001566481       1.111085                 0  
                                     0.7658644       0.001473644       1.131415                 0  
                                     0.7791853       0.001382363       1.154582                 0  
                                     0.7925402       0.001293389       1.180981                 0  
                                     0.8059168       0.001207413       1.211062                 0  
                                      0.819295       0.001124597       1.245337                 0  
                                     0.8326495       0.001044579       1.284389                 0  
                                      0.845952      0.0009672311       1.328883                 0  
                                      0.859172      0.0008924509       1.379576                 0  
                                     0.8722853      0.0008204937       1.437328                 0  
                                     0.8852874      0.0007515668       1.503122                 0  
                                     0.8981947      0.0006856133       1.578072                 0  
                                     0.9110376      0.0006224396       1.663453                 0  
                                     0.9237892      0.0005629113       1.760713                 0  
                                     0.9362803      0.0005082919       1.871502                 0  
                                     0.9482419      0.0004596327                                   
                                     0.9594138       0.000417397                                   
                                     0.9696582      0.0003805756                                   
                                     0.9789797      0.0003477679                                   
                                     0.9874583      0.0003175786                                   
                                     0.9951978       0.000288024                                   
                                             1      0.0002553591                                   
                                        1.0001                 0                                   
                                      1.004915                 0                                   
                                      1.010409                 0                                   
                                      1.016673                 0                                   
                                      1.023813                 0                                   
                                      1.031952                 0                                   
                                       1.04123                 0                                   
                                      1.051804                 0                                   
                                      1.063856                 0                                   
                                      1.077592                 0                                   
                                      1.093246                 0                                   
                                      1.111085                 0                                   
                                      1.131415                 0                                   
                                      1.154582                 0                                   
                                      1.180981                 0                                   
                                      1.211062                 0                                   
                                      1.245337                 0                                   
                                      1.284389                 0                                   
                                      1.328883                 0                                   
                                      1.379576                 0                                   
                                      1.437328                 0                                   
                                      1.503122                 0                                   
                                      1.578072                 0                                   
                                      1.663453                 0                                   
                                      1.760713                 0                                   
                                      1.871502                 0                                   

