     X       NACA 64(2)-215-(201)-Re=   3e+06-Alpha= 3.25-NCrit=  9.0-XTrTop=0.447-XtrBot=0.623         X       Wall_shear_Top         X       Wall_shear_Bot    
                                   0.002459405      0.0008086571    0.003434368      0.0004846577  
                                   0.001654875       0.002371639    0.004591262       0.001535403  
                                   0.001010478        0.00398594    0.005938587       0.002438661  
                                   0.000518868       0.005910507    0.007476423       0.002843547  
                                  0.0001764365       0.007689169    0.009207856       0.003167932  
                                 -1.605807e-05       0.009388663     0.01114809       0.003370448  
                                 -5.751153e-05        0.01035081     0.01332231       0.003432325  
                                  4.571033e-05        0.01130587     0.01575921       0.003430519  
                                  0.0002903432        0.01189769     0.01850168       0.003320588  
                                  0.0006775052        0.01235161     0.02160686       0.003143597  
                                   0.001212125        0.01260388     0.02514149       0.002941084  
                                    0.00190256        0.01265961     0.02917655       0.002897061  
                                   0.002760029        0.01240278     0.03379273       0.002854595  
                                   0.003797255        0.01152422     0.03906937       0.002730508  
                                   0.005024264       0.008650107     0.04505501       0.002592616  
                                   0.006438901       0.006391634      0.0517636       0.002451209  
                                   0.008036758       0.006388796     0.05922983       0.002343039  
                                   0.009833841       0.006143945      0.0675316       0.002214155  
                                    0.01185358       0.005568667     0.07670877       0.002088369  
                                    0.01412665       0.004826879     0.08670612       0.001999998  
                                    0.01669678       0.004010454     0.09737508       0.001905435  
                                    0.01961706       0.003232956      0.1085507       0.001825158  
                                    0.02294751       0.002648892      0.1201147       0.001752386  
                                    0.02674973       0.002630264       0.131965       0.001677756  
                                    0.03109705       0.002721938      0.1440135       0.001608278  
                                    0.03605813       0.002666634      0.1562011       0.001551644  
                                    0.04167154        0.00250023      0.1685031       0.001506418  
                                    0.04794403       0.002296319      0.1809072        0.00146171  
                                    0.05490134       0.002145526      0.1934006       0.001419386  
                                    0.06261892       0.001989527      0.2059691       0.001383244  
                                    0.07115304       0.001826797      0.2185981       0.001353199  
                                     0.0804864       0.001720865      0.2312714       0.001323998  
                                    0.09050952       0.001636037      0.2439705       0.001296115  
                                     0.1010717       0.001564958      0.2566753       0.001272451  
                                     0.1120498       0.001521335      0.2693673       0.001251669  
                                     0.1233464       0.001467284      0.2820404       0.001228274  
                                     0.1348738       0.001405053      0.2947052       0.001201211  
                                      0.146568       0.001342411       0.307389       0.001166495  
                                     0.1583995       0.001289579      0.3201237       0.001128576  
                                     0.1703637         0.0012415       0.332913       0.001097622  
                                     0.1824542       0.001196716      0.3457178        0.00107842  
                                     0.1946575       0.001158543      0.3584574       0.001087522  
                                     0.2069522       0.001135862       0.371043       0.001104595  
                                     0.2193128       0.001121006      0.3834451       0.001098815  
                                     0.2317158       0.001105175      0.3957011        0.00105857  
                                     0.2441412       0.001087509      0.4079036      0.0009569582  
                                     0.2565726       0.001069806      0.4201726      0.0008195835  
                                     0.2690002       0.001050396      0.4325955      0.0006864221  
                                     0.2814251       0.001026511      0.4452072      0.0005709742  
                                     0.2938605      0.0009971332      0.4579803      0.0004893388  
                                     0.3063319      0.0009585241      0.4708398      0.0004327287  
                                     0.3188656      0.0009164604      0.4837233      0.0003843137  
                                       0.33146      0.0008815055      0.4966027      0.0003376877  
                                     0.3440756      0.0008607482      0.5094853      0.0002882453  
                                     0.3566348      0.0008723374      0.5223983      0.0002374193  
                                     0.3690526      0.0008979368      0.5353618      0.0001880639  
                                     0.3812975      0.0009032956       0.548383      0.0001426208  
                                     0.3934001      0.0008719093      0.5614559      0.0001039115  
                                     0.4054426      0.0007763385      0.5745684      7.340428e-05  
                                     0.4175374      0.0006348308      0.5877116      5.336108e-05  
                                      0.429772      0.0005042875      0.6008821      4.827661e-05  
                                     0.4421866      0.0004325602      0.6140812      7.022528e-05  
                                     0.4547652       0.001079399       0.627312      0.0002922404  
                                     0.4674401       0.003076347      0.6405772       0.001453104  
                                     0.4801457        0.00475799      0.6538783       0.002603173  
                                     0.4928471       0.005565174      0.6672161       0.003235661  
                                     0.5055429       0.005798276       0.680589       0.003478599  
                                     0.5182571       0.005761231      0.6939935       0.003520366  
                                     0.5310124       0.005614116      0.7074233       0.003468382  
                                     0.5438188        0.00542709      0.7208698       0.003375436  
                                     0.5566733       0.005232824      0.7343217       0.003266972  
                                     0.5695625       0.005043769       0.747765       0.003154695  
                                     0.5824752       0.004862485       0.761183       0.003043682  
                                     0.5954059       0.004689992      0.7745587       0.002937156  
                                     0.6083556       0.004525604      0.7878758       0.002836451  
                                     0.6213296        0.00436897      0.8011192       0.002741337  
                                     0.6343321        0.00421988       0.814276       0.002651249  
                                     0.6473649       0.004077779      0.8273404       0.002568078  
                                     0.6604272       0.003942353      0.8403173       0.002492481  
                                     0.6735169       0.003812542      0.8532211       0.002425616  
                                     0.6866319        0.00368732      0.8660704       0.002366815  
                                     0.6997712       0.003565949      0.8788643       0.002310784  
                                     0.7129342       0.003447763      0.8915711       0.002253735  
                                     0.7261219       0.003332122       0.904132       0.002186351  
                                     0.7393365       0.003218338      0.9164616       0.002111276  
                                     0.7525822       0.003105192      0.9284397       0.002049895  
                                     0.7658644       0.002991821      0.9399306       0.002011993  
                                     0.7791853       0.002880664      0.9508151       0.002005855  
                                     0.7925402       0.002773037      0.9610166       0.002036658  
                                     0.8059168       0.002670375       0.970516       0.002093441  
                                      0.819295       0.002572721      0.9793414       0.002171803  
                                     0.8326495       0.002478428      0.9875446       0.002269452  
                                      0.845952       0.002386586      0.9951858       0.002397359  
                                      0.859172        0.00229604              1       0.002344668  
                                     0.8722853        0.00220686         1.0001                 0  
                                     0.8852874       0.002119125       1.004915                 0  
                                     0.8981947       0.002031932       1.010406                 0  
                                     0.9110376       0.001943418       1.016667                 0  
                                     0.9237892       0.001855737       1.023804                 0  
                                     0.9362803       0.001771649       1.031939                 0  
                                     0.9482419       0.001693106       1.041212                 0  
                                     0.9594138       0.001621308       1.051781                 0  
                                     0.9696582       0.001551588       1.063828                 0  
                                     0.9789797        0.00147832        1.07756                 0  
                                     0.9874583       0.001395701        1.09321                 0  
                                     0.9951978       0.001294787       1.111047                 0  
                                             1       0.001161214       1.131377                 0  
                                        1.0001                 0       1.154547                 0  
                                      1.004915                 0       1.180955                 0  
                                      1.010406                 0       1.211052                 0  
                                      1.016667                 0       1.245353                 0  
                                      1.023804                 0       1.284445                 0  
                                      1.031939                 0       1.328997                 0  
                                      1.041212                 0       1.379771                 0  
                                      1.051781                 0       1.437636                 0  
                                      1.063828                 0        1.50358                 0  
                                       1.07756                 0       1.578733                 0  
                                       1.09321                 0       1.664378                 0  
                                      1.111047                 0        1.76198                 0  
                                      1.131377                 0       1.873208                 0  
                                      1.154547                 0                                   
                                      1.180955                 0                                   
                                      1.211052                 0                                   
                                      1.245353                 0                                   
                                      1.284445                 0                                   
                                      1.328997                 0                                   
                                      1.379771                 0                                   
                                      1.437636                 0                                   
                                       1.50358                 0                                   
                                      1.578733                 0                                   
                                      1.664378                 0                                   
                                       1.76198                 0                                   
                                      1.873208                 0                                   

