     X       NACA 64(2)-215-(201)-Re=   3e+06-Alpha=17.50-NCrit=  9.0-XTrTop=0.009-XtrBot=1.000    
            1        -0.1195398  
    0.9951978         -0.121038  
    0.9874583        -0.1237543  
    0.9789797        -0.1267748  
    0.9696582        -0.1301216  
    0.9594138        -0.1338212  
    0.9482419        -0.1378756  
    0.9362803        -0.1422371  
    0.9237892        -0.1468156  
    0.9110376        -0.1515168  
    0.8981947        -0.1562816  
    0.8852874         -0.161103  
    0.8722853        -0.1659931  
     0.859172        -0.1709594  
     0.845952        -0.1760015  
    0.8326495        -0.1811117  
     0.819295         -0.186279  
    0.8059168        -0.1914934  
    0.7925402        -0.1967449  
    0.7791853        -0.2020235  
    0.7658644        -0.2073212  
    0.7525822        -0.2126318  
    0.7393365        -0.2179512  
    0.7261219        -0.2232733  
    0.7129342        -0.2285886  
    0.6997712        -0.2338828  
    0.6866319        -0.2391343  
    0.6735169        -0.2443071  
    0.6604272        -0.2493379  
    0.6473649        -0.2541031  
    0.6343321        -0.2583381  
    0.6213296        -0.2614094  
    0.6083556        -0.2616014  
    0.5954059        -0.2566853  
    0.5824752        -0.2688308  
    0.5695625        -0.2909133  
    0.5566733        -0.3213751  
    0.5438188        -0.3594692  
    0.5310124        -0.4042046  
    0.5182571        -0.4543959  
    0.5055429        -0.5088172  
    0.4928471        -0.5662807  
    0.4801457        -0.6258826  
    0.4674401        -0.6870582  
    0.4547652        -0.7494536  
    0.4421866        -0.8133227  
     0.429772        -0.8777812  
    0.4175374        -0.9408354  
    0.4054426          -1.00059  
    0.3934001         -1.053798  
    0.3812975         -1.099963  
    0.3690526         -1.142124  
    0.3566348         -1.182615  
    0.3440756         -1.224844  
      0.33146         -1.270426  
    0.3188656         -1.317653  
    0.3063319         -1.365765  
    0.2938605         -1.413946  
    0.2814251         -1.462072  
    0.2690002         -1.510983  
    0.2565726         -1.561314  
    0.2441412         -1.613849  
    0.2317158         -1.669259  
    0.2193128         -1.727941  
    0.2069522         -1.790599  
    0.1946575         -1.858611  
    0.1824542         -1.933072  
    0.1703637         -2.013589  
    0.1583995          -2.10063  
     0.146568         -2.195442  
    0.1348738         -2.299855  
    0.1233464         -2.414559  
    0.1120498         -2.541047  
    0.1010717         -2.681829  
   0.09050952         -2.842738  
    0.0804864         -3.023505  
   0.07115304         -3.224655  
   0.06261892         -3.447597  
   0.05490134         -3.685233  
   0.04794403         -3.940314  
   0.04167154         -4.221299  
   0.03605813         -4.521341  
   0.03109705         -4.839564  
   0.02674973         -5.182046  
   0.02294751         -5.578681  
   0.01961706          -6.05983  
   0.01669678         -6.549691  
   0.01412665         -7.010619  
   0.01185358         -7.456644  
  0.009833841         -8.436731  
  0.008036758         -10.26692  
  0.006438901         -10.35686  
  0.005024264         -10.47547  
  0.003797255         -10.80346  
  0.002760029         -11.23218  
   0.00190256         -11.43091  
  0.001212125         -11.47271  
 0.0006775052         -11.40787  
 0.0002903432         -11.24512  
 4.571033e-05         -10.97065  
-5.751153e-05         -10.55212  
-1.605807e-05         -9.922338  
 0.0001764365          -8.98374  
  0.000518868         -7.904216  
  0.001010478         -6.808362  
  0.001654875         -5.750911  
  0.002459405         -4.763084  
  0.003434368         -3.858494  
  0.004591262         -3.041982  
  0.005938587         -2.296826  
  0.007476423         -1.593908  
  0.009207856         -1.011613  
   0.01114809        -0.5626072  
   0.01332231        -0.1974464  
   0.01575921        0.09748568  
   0.01850168         0.3364854  
   0.02160686         0.5284163  
   0.02514149         0.6783676  
   0.02917655         0.7901438  
   0.03379273         0.8725919  
   0.03906937         0.9319001  
   0.04505501         0.9708901  
    0.0517636         0.9925439  
   0.05922983         0.9999309  
    0.0675316         0.9958544  
   0.07670877         0.9825735  
   0.08670612         0.9622774  
   0.09737508         0.9369658  
    0.1085507         0.9086077  
    0.1201147         0.8783856  
     0.131965         0.8475352  
    0.1440135         0.8166805  
    0.1562011         0.7862275  
    0.1685031         0.7562432  
    0.1809072         0.7269354  
    0.1934006          0.698373  
    0.2059691         0.6705005  
    0.2185981         0.6432519  
    0.2312714         0.6166994  
    0.2439705         0.5908526  
    0.2566753         0.5656132  
    0.2693673         0.5409461  
    0.2820404         0.5169825  
    0.2947052         0.4937825  
     0.307389         0.4715368  
    0.3201237         0.4501833  
     0.332913         0.4293321  
    0.3457178         0.4086624  
    0.3584574         0.3871347  
     0.371043         0.3651524  
    0.3834451         0.3441684  
    0.3957011         0.3252178  
    0.4079036         0.3104921  
    0.4201726         0.2997687  
    0.4325955         0.2912951  
    0.4452072         0.2841047  
    0.4579803         0.2767304  
    0.4708398         0.2689848  
    0.4837233         0.2615304  
    0.4966027         0.2546419  
    0.5094853         0.2486235  
    0.5223983         0.2434107  
    0.5353618         0.2388272  
     0.548383         0.2347417  
    0.5614559         0.2309835  
    0.5745684         0.2275659  
    0.5877116         0.2245073  
    0.6008821         0.2217983  
    0.6140812         0.2194214  
     0.627312         0.2173556  
    0.6405772         0.2155781  
    0.6538783         0.2140668  
    0.6672161         0.2128001  
     0.680589         0.2117581  
    0.6939935         0.2109273  
    0.7074233         0.2103256  
    0.7208698         0.2099109  
    0.7343217         0.2096056  
     0.747765          0.209365  
     0.761183         0.2091725  
    0.7745587         0.2089317  
    0.7878758         0.2085522  
    0.8011192          0.207996  
     0.814276         0.2072252  
    0.8273404         0.2059742  
    0.8403173         0.2040013  
    0.8532211         0.2009669  
    0.8660704         0.1966349  
    0.8788643         0.1912582  
    0.8915711          0.185093  
     0.904132         0.1792209  
    0.9164616         0.1735653  
    0.9284397         0.1653097  
    0.9399306         0.1523282  
    0.9508151         0.1319259  
    0.9610166         0.1006134  
     0.970516        0.05680547  
    0.9793414      -0.004745517  
    0.9875446       -0.09276852  
    0.9951858        -0.2866316  
            1        -0.1195398  

