     X       NACA 64(2)-215-(201)-Re=   9e+06-Alpha= 9.50-NCrit=  9.0-XTrTop=0.010-XtrBot=0.717    
            1         0.1951694  
    0.9951978         0.1870448  
    0.9874583         0.1778093  
    0.9789797         0.1678886  
    0.9696582         0.1568491  
    0.9594138         0.1443513  
    0.9482419          0.130076  
    0.9362803         0.1138482  
    0.9237892        0.09586053  
    0.9110376        0.07645439  
    0.8981947        0.05598242  
    0.8852874        0.03464719  
    0.8722853        0.01240362  
     0.859172        -0.0107591  
     0.845952       -0.03478486  
    0.8326495       -0.05959371  
     0.819295       -0.08517338  
    0.8059168        -0.1115171  
    0.7925402        -0.1386664  
    0.7791853        -0.1665574  
    0.7658644        -0.1950232  
    0.7525822         -0.223891  
    0.7393365        -0.2529276  
    0.7261219        -0.2821375  
    0.7129342         -0.311577  
    0.6997712        -0.3412751  
    0.6866319        -0.3712557  
    0.6735169          -0.40154  
    0.6604272        -0.4321491  
    0.6473649        -0.4631162  
    0.6343321         -0.494464  
    0.6213296        -0.5261505  
    0.6083556        -0.5581483  
    0.5954059        -0.5904174  
    0.5824752        -0.6229604  
    0.5695625        -0.6558604  
    0.5566733        -0.6891869  
    0.5438188        -0.7231172  
    0.5310124        -0.7576053  
    0.5182571         -0.792353  
    0.5055429        -0.8271702  
    0.4928471        -0.8616901  
    0.4801457        -0.8960886  
    0.4674401        -0.9310184  
    0.4547652        -0.9670704  
    0.4421866         -1.006088  
     0.429772         -1.046805  
    0.4175374         -1.085902  
    0.4054426         -1.120907  
    0.3934001         -1.146562  
    0.3812975         -1.162754  
    0.3690526         -1.174827  
    0.3566348          -1.18563  
    0.3440756         -1.199736  
      0.33146          -1.21887  
    0.3188656         -1.239883  
    0.3063319         -1.261671  
    0.2938605         -1.282984  
    0.2814251         -1.303476  
    0.2690002         -1.324058  
    0.2565726         -1.345195  
    0.2441412         -1.367534  
    0.2317158         -1.391539  
    0.2193128         -1.417283  
    0.2069522         -1.445189  
    0.1946575         -1.476444  
    0.1824542          -1.51181  
    0.1703637         -1.550231  
    0.1583995         -1.591674  
     0.146568         -1.636789  
    0.1348738         -1.686642  
    0.1233464         -1.740935  
    0.1120498         -1.800256  
    0.1010717         -1.866079  
   0.09050952         -1.943011  
    0.0804864         -2.029602  
   0.07115304         -2.126031  
   0.06261892         -2.233601  
   0.05490134         -2.345641  
   0.04794403         -2.464021  
   0.04167154         -2.594628  
   0.03605813         -2.731053  
   0.03109705         -2.873147  
   0.02674973         -3.025504  
   0.02294751         -3.209302  
   0.01961706          -3.44488  
   0.01669678         -3.676592  
   0.01412665         -3.882915  
   0.01185358         -4.062337  
  0.009833841         -4.504235  
  0.008036758         -4.754323  
  0.006438901         -4.926345  
  0.005024264         -5.175075  
  0.003797255         -5.416937  
  0.002760029         -5.398576  
   0.00190256         -5.266689  
  0.001212125         -5.073507  
 0.0006775052         -4.835987  
 0.0002903432         -4.556384  
 4.571033e-05         -4.229764  
-5.751153e-05         -3.847295  
-1.605807e-05         -3.388057  
 0.0001764365         -2.820802  
  0.000518868          -2.22979  
  0.001010478         -1.668539  
  0.001654875         -1.157256  
  0.002459405        -0.7054717  
  0.003434368        -0.3149822  
  0.004591262        0.01520299  
  0.005938587         0.2909218  
  0.007476423         0.5195946  
  0.009207856         0.6895522  
   0.01114809         0.8083821  
   0.01332231         0.8922219  
   0.01575921         0.9478839  
   0.01850168         0.9815369  
   0.02160686         0.9974131  
   0.02514149          0.999254  
   0.02917655          0.990044  
   0.03379273         0.9716846  
   0.03906937         0.9455834  
   0.04505501         0.9135644  
    0.0517636         0.8773117  
   0.05922983          0.838049  
    0.0675316         0.7967608  
   0.07670877         0.7545988  
   0.08670612         0.7119549  
   0.09737508         0.6702337  
    0.1085507         0.6300591  
    0.1201147         0.5917911  
     0.131965         0.5559017  
    0.1440135         0.5224524  
    0.1562011         0.4910721  
    0.1685031          0.461365  
    0.1809072         0.4333783  
    0.1934006         0.4069748  
    0.2059691         0.3818562  
    0.2185981         0.3577881  
    0.2312714          0.334826  
    0.2439705         0.3129082  
    0.2566753         0.2918143  
    0.2693673         0.2714639  
    0.2820404         0.2520615  
    0.2947052         0.2336912  
     0.307389          0.216659  
    0.3201237         0.2008589  
     0.332913          0.185692  
    0.3457178         0.1706822  
    0.3584574         0.1542896  
     0.371043         0.1371512  
    0.3834451         0.1212962  
    0.3957011         0.1080581  
    0.4079036         0.1004005  
    0.4201726         0.0977966  
    0.4325955        0.09780228  
    0.4452072        0.09921525  
    0.4579803          0.100164  
    0.4708398         0.1004898  
    0.4837233         0.1010288  
    0.4966027          0.102073  
    0.5094853         0.1039823  
    0.5223983         0.1066715  
    0.5353618         0.1099383  
     0.548383         0.1136403  
    0.5614559         0.1175897  
    0.5745684         0.1218097  
    0.5877116         0.1263208  
    0.6008821         0.1311107  
    0.6140812         0.1361587  
     0.627312          0.141436  
    0.6405772         0.1469038  
    0.6538783         0.1525073  
    0.6672161         0.1581623  
     0.680589         0.1637238  
    0.6939935          0.168892  
    0.7074233         0.1728511  
    0.7208698         0.1806494  
    0.7343217         0.2045813  
     0.747765         0.2115786  
     0.761183         0.2167765  
    0.7745587         0.2224814  
    0.7878758          0.228744  
    0.8011192         0.2353976  
     0.814276         0.2423199  
    0.8273404         0.2491122  
    0.8403173         0.2555343  
    0.8532211          0.261258  
    0.8660704         0.2661608  
    0.8788643          0.270783  
    0.8915711         0.2755074  
     0.904132         0.2817233  
    0.9164616         0.2893403  
    0.9284397         0.2953127  
    0.9399306         0.2980698  
    0.9508151           0.29595  
    0.9610166         0.2873806  
     0.970516         0.2733239  
    0.9793414          0.253123  
    0.9875446         0.2250841  
    0.9951858         0.1748296  
            1         0.1951694  

