     X       NACA 64(2)-215-(201)-Re=   9e+06-Alpha= 9.50-NCrit=  9.0-XTrTop=0.010-XtrBot=0.717         X       NACA 64(2)-215-(201)-Re= 9000000-Alpha= 9.50_Inviscid    
            1         0.1951694              1         0.3160626  
    0.9951978         0.1870448      0.9951978         0.2434087  
    0.9874583         0.1778093      0.9874583         0.2091097  
    0.9789797         0.1678886      0.9789797         0.1838216  
    0.9696582         0.1568491      0.9696582         0.1624169  
    0.9594138         0.1443513      0.9594138         0.1418243  
    0.9482419          0.130076      0.9482419         0.1202533  
    0.9362803         0.1138482      0.9362803         0.0964023  
    0.9237892        0.09586053      0.9237892        0.07116192  
    0.9110376        0.07645439      0.9110376        0.04515046  
    0.8981947        0.05598242      0.8981947        0.01911917  
    0.8852874        0.03464719      0.8852874       -0.00635507  
    0.8722853        0.01240362      0.8722853        -0.0319818  
     0.859172        -0.0107591       0.859172        -0.0579877  
     0.845952       -0.03478486       0.845952       -0.08430501  
    0.8326495       -0.05959371      0.8326495        -0.1108692  
     0.819295       -0.08517338       0.819295        -0.1379337  
    0.8059168        -0.1115171      0.8059168        -0.1656046  
    0.7925402        -0.1386664      0.7925402        -0.1942011  
    0.7791853        -0.1665574      0.7791853        -0.2236213  
    0.7658644        -0.1950232      0.7658644        -0.2535009  
    0.7525822         -0.223891      0.7525822         -0.283594  
    0.7393365        -0.2529276      0.7393365        -0.3133762  
    0.7261219        -0.2821375      0.7261219          -0.34309  
    0.7129342         -0.311577      0.7129342        -0.3729579  
    0.6997712        -0.3412751      0.6997712        -0.4030465  
    0.6866319        -0.3712557      0.6866319         -0.433404  
    0.6735169          -0.40154      0.6735169         -0.464069  
    0.6604272        -0.4321491      0.6604272         -0.495074  
    0.6473649        -0.4631162      0.6473649        -0.5264856  
    0.6343321         -0.494464      0.6343321        -0.5583578  
    0.6213296        -0.5261505      0.6213296        -0.5905942  
    0.6083556        -0.5581483      0.6083556        -0.6231587  
    0.5954059        -0.5904174      0.5954059        -0.6559706  
    0.5824752        -0.6229604      0.5824752        -0.6890221  
    0.5695625        -0.6558604      0.5695625        -0.7224611  
    0.5566733        -0.6891869      0.5566733        -0.7563704  
    0.5438188        -0.7231172      0.5438188        -0.7911002  
    0.5310124        -0.7576053      0.5310124        -0.8265952  
    0.5182571         -0.792353      0.5182571        -0.8623633  
    0.5055429        -0.8271702      0.5055429        -0.8981952  
    0.4928471        -0.8616901      0.4928471        -0.9334372  
    0.4801457        -0.8960886      0.4801457        -0.9683425  
    0.4674401        -0.9310184      0.4674401         -1.003873  
    0.4547652        -0.9670704      0.4547652         -1.040681  
    0.4421866         -1.006088      0.4421866         -1.081977  
     0.429772         -1.046805       0.429772         -1.125997  
    0.4175374         -1.085902      0.4175374         -1.168194  
    0.4054426         -1.120907      0.4054426         -1.206052  
    0.3934001         -1.146562      0.3934001          -1.23197  
    0.3812975         -1.162754      0.3812975         -1.245982  
    0.3690526         -1.174827      0.3690526         -1.255792  
    0.3566348          -1.18563      0.3566348         -1.264299  
    0.3440756         -1.199736      0.3440756         -1.277474  
      0.33146          -1.21887        0.33146         -1.297447  
    0.3188656         -1.239883      0.3188656         -1.319482  
    0.3063319         -1.261671      0.3063319         -1.342425  
    0.2938605         -1.282984      0.2938605         -1.364699  
    0.2814251         -1.303476      0.2814251         -1.385879  
    0.2690002         -1.324058      0.2690002         -1.407229  
    0.2565726         -1.345195      0.2565726         -1.429228  
    0.2441412         -1.367534      0.2441412         -1.452639  
    0.2317158         -1.391539      0.2317158         -1.477984  
    0.2193128         -1.417283      0.2193128         -1.505235  
    0.2069522         -1.445189      0.2069522         -1.534826  
    0.1946575         -1.476444      0.1946575         -1.568229  
    0.1824542          -1.51181      0.1824542         -1.606406  
    0.1703637         -1.550231      0.1703637           -1.6479  
    0.1583995         -1.591674      0.1583995         -1.692687  
     0.146568         -1.636789       0.146568         -1.741548  
    0.1348738         -1.686642      0.1348738         -1.795797  
    0.1233464         -1.740935      0.1233464          -1.85493  
    0.1120498         -1.800256      0.1120498          -1.91958  
    0.1010717         -1.866079      0.1010717         -1.991325  
   0.09050952         -1.943011     0.09050952         -2.075814  
    0.0804864         -2.029602      0.0804864         -2.171042  
   0.07115304         -2.126031     0.07115304         -2.277329  
   0.06261892         -2.233601     0.06261892         -2.396698  
   0.05490134         -2.345641     0.05490134         -2.521006  
   0.04794403         -2.464021     0.04794403         -2.652606  
   0.04167154         -2.594628     0.04167154         -2.798919  
   0.03605813         -2.731053     0.03605813         -2.952046  
   0.03109705         -2.873147     0.03109705         -3.111863  
   0.02674973         -3.025504     0.02674973         -3.283305  
   0.02294751         -3.209302     0.02294751         -3.492229  
   0.01961706          -3.44488     0.01961706         -3.766979  
   0.01669678         -3.676592     0.01669678         -4.045632  
   0.01412665         -3.882915     0.01412665         -4.311309  
   0.01185358         -4.062337     0.01185358          -4.55944  
  0.009833841         -4.504235    0.009833841         -4.796306  
  0.008036758         -4.754323    0.008036758         -5.035177  
  0.006438901         -4.926345    0.006438901         -5.316222  
  0.005024264         -5.175075    0.005024264         -5.765849  
  0.003797255         -5.416937    0.003797255         -6.064165  
  0.002760029         -5.398576    0.002760029         -6.037107  
   0.00190256         -5.266689     0.00190256         -5.903389  
  0.001212125         -5.073507    0.001212125         -5.710009  
 0.0006775052         -4.835987   0.0006775052         -5.471422  
 0.0002903432         -4.556384   0.0002903432         -5.188161  
 4.571033e-05         -4.229764   4.571033e-05         -4.853359  
-5.751153e-05         -3.847295  -5.751153e-05          -4.45538  
-1.605807e-05         -3.388057  -1.605807e-05         -3.973799  
 0.0001764365         -2.820802   0.0001764365         -3.360627  
  0.000518868          -2.22979    0.000518868          -2.71401  
  0.001010478         -1.668539    0.001010478          -2.09576  
  0.001654875         -1.157256    0.001654875         -1.528742  
  0.002459405        -0.7054717    0.002459405         -1.023987  
  0.003434368        -0.3149822    0.003434368         -0.584432  
  0.004591262        0.01520299    0.004591262        -0.2087098  
  0.005938587         0.2909218    0.005938587         0.1084081  
  0.007476423         0.5195946    0.007476423         0.3777201  
  0.009207856         0.6895522    0.009207856         0.5821858  
   0.01114809         0.8083821     0.01114809         0.7280481  
   0.01332231         0.8922219     0.01332231         0.8343203  
   0.01575921         0.9478839     0.01575921         0.9087022  
   0.01850168         0.9815369     0.01850168         0.9578778  
   0.02160686         0.9974131     0.02160686          0.986635  
   0.02514149          0.999254     0.02514149         0.9989039  
   0.02917655          0.990044     0.02917655         0.9981434  
   0.03379273         0.9716846     0.03379273         0.9867739  
   0.03906937         0.9455834     0.03906937         0.9664863  
   0.04505501         0.9135644     0.04505501         0.9390836  
    0.0517636         0.8773117      0.0517636         0.9065077  
   0.05922983          0.838049     0.05922983         0.8700546  
    0.0675316         0.7967608      0.0675316         0.8309617  
   0.07670877         0.7545988     0.07670877         0.7903754  
   0.08670612         0.7119549     0.08670612          0.748923  
   0.09737508         0.6702337     0.09737508         0.7080458  
    0.1085507         0.6300591      0.1085507         0.6684485  
    0.1201147         0.5917911      0.1201147         0.6305687  
     0.131965         0.5559017       0.131965         0.5949167  
    0.1440135         0.5224524      0.1440135         0.5615882  
    0.1562011         0.4910721      0.1562011         0.5302543  
    0.1685031          0.461365      0.1685031         0.5005527  
    0.1809072         0.4333783      0.1809072         0.4725582  
    0.1934006         0.4069748      0.1934006         0.4461282  
    0.2059691         0.3818562      0.2059691         0.4209709  
    0.2185981         0.3577881      0.2185981         0.3968611  
    0.2312714          0.334826      0.2312714         0.3738735  
    0.2439705         0.3129082      0.2439705         0.3519392  
    0.2566753         0.2918143      0.2566753         0.3308267  
    0.2693673         0.2714639      0.2693673         0.3104589  
    0.2820404         0.2520615      0.2820404         0.2910573  
    0.2947052         0.2336912      0.2947052         0.2726843  
     0.307389          0.216659       0.307389         0.2556761  
    0.3201237         0.2008589      0.3201237         0.2399145  
     0.332913          0.185692       0.332913         0.2247674  
    0.3457178         0.1706822      0.3457178         0.2098076  
    0.3584574         0.1542896      0.3584574          0.193304  
     0.371043         0.1371512       0.371043          0.176027  
    0.3834451         0.1212962      0.3834451          0.160125  
    0.3957011         0.1080581      0.3957011         0.1467607  
    0.4079036         0.1004005      0.4079036         0.1392489  
    0.4201726         0.0977966      0.4201726         0.1368999  
    0.4325955        0.09780228      0.4325955         0.1369629  
    0.4452072        0.09921525      0.4452072         0.1383856  
    0.4579803          0.100164      0.4579803         0.1390028  
    0.4708398         0.1004898      0.4708398         0.1388227  
    0.4837233         0.1010288      0.4837233         0.1389805  
    0.4966027          0.102073      0.4966027         0.1397144  
    0.5094853         0.1039823      0.5094853         0.1414453  
    0.5223983         0.1066715      0.5223983         0.1440185  
    0.5353618         0.1099383      0.5353618         0.1471821  
     0.548383         0.1136403       0.548383         0.1507971  
    0.5614559         0.1175897      0.5614559         0.1546277  
    0.5745684         0.1218097      0.5745684         0.1587507  
    0.5877116         0.1263208      0.5877116         0.1632108  
    0.6008821         0.1311107      0.6008821         0.1680008  
    0.6140812         0.1361587      0.6140812         0.1731097  
     0.627312          0.141436       0.627312          0.178525  
    0.6405772         0.1469038      0.6405772         0.1842332  
    0.6538783         0.1525073      0.6538783         0.1902233  
    0.6672161         0.1581623      0.6672161         0.1964853  
     0.680589         0.1637238       0.680589         0.2030103  
    0.6939935          0.168892      0.6939935         0.2097977  
    0.7074233         0.1728511      0.7074233         0.2169084  
    0.7208698         0.1806494      0.7208698         0.2242997  
    0.7343217         0.2045813      0.7343217         0.2318804  
     0.747765         0.2115786       0.747765          0.239628  
     0.761183         0.2167765       0.761183         0.2475791  
    0.7745587         0.2224814      0.7745587         0.2556263  
    0.7878758          0.228744      0.7878758         0.2636937  
    0.8011192         0.2353976      0.8011192         0.2718131  
     0.814276         0.2423199       0.814276         0.2800503  
    0.8273404         0.2491122      0.8273404         0.2880978  
    0.8403173         0.2555343      0.8403173         0.2957989  
    0.8532211          0.261258      0.8532211         0.3028593  
    0.8660704         0.2661608      0.8660704         0.3091773  
    0.8788643          0.270783      0.8788643         0.3153989  
    0.8915711         0.2755074      0.8915711         0.3219198  
     0.904132         0.2817233       0.904132         0.3304404  
    0.9164616         0.2893403      0.9164616         0.3411079  
    0.9284397         0.2953127      0.9284397          0.350604  
    0.9399306         0.2980698      0.9399306         0.3575805  
    0.9508151           0.29595      0.9508151         0.3605201  
    0.9610166         0.2873806      0.9610166         0.3579691  
     0.970516         0.2733239       0.970516         0.3519848  
    0.9793414          0.253123      0.9793414         0.3435096  
    0.9875446         0.2250841      0.9875446         0.3327112  
    0.9951858         0.1748296      0.9951858         0.3228742  
            1         0.1951694              1         0.3160626  

