     X       NACA 64(2)-215-(201)-Re=   9e+06-Alpha=21.00-NCrit=  9.0-XTrTop=0.006-XtrBot=1.000         X       NACA 64(2)-215-(201)-Re= 9000000-Alpha=21.00_Inviscid    
            1        -0.1568657              1          0.394805  
    0.9951978          -0.15836      0.9951978         0.3119833  
    0.9874583         -0.161002      0.9874583         0.2697427  
    0.9789797        -0.1639406      0.9789797          0.236736  
    0.9696582        -0.1672038      0.9696582          0.207945  
    0.9594138        -0.1708224      0.9594138         0.1799601  
    0.9482419         -0.174804      0.9482419         0.1509144  
    0.9362803        -0.1791069      0.9362803         0.1194835  
    0.9237892        -0.1836462      0.9237892        0.08653736  
    0.9110376        -0.1883311      0.9110376        0.05272644  
    0.8981947         -0.193104      0.8981947        0.01880388  
    0.8852874        -0.1979583      0.8852874       -0.01469054  
    0.8722853         -0.202907      0.8722853       -0.04852224  
     0.859172        -0.2079582       0.859172        -0.0829709  
     0.845952        -0.2131115       0.845952        -0.1180024  
    0.8326495        -0.2183584      0.8326495         -0.153568  
     0.819295        -0.2236861       0.819295        -0.1899437  
    0.8059168        -0.2290819      0.8059168        -0.2272567  
    0.7925402        -0.2345331      0.7925402        -0.2658636  
    0.7791853        -0.2400289      0.7791853         -0.305682  
    0.7658644        -0.2455616      0.7658644        -0.3463465  
    0.7525822        -0.2511264      0.7525822        -0.3876125  
    0.7393365        -0.2567216      0.7393365        -0.4289281  
    0.7261219        -0.2623462      0.7261219        -0.4705685  
    0.7129342        -0.2679987      0.7129342        -0.5127945  
    0.6997712        -0.2736779      0.6997712           -0.5557  
    0.6866319         -0.279383      0.6866319        -0.5993599  
    0.6735169        -0.2851125      0.6735169        -0.6438396  
    0.6604272         -0.290859      0.6604272        -0.6891986  
    0.6473649         -0.296608      0.6473649         -0.735537  
    0.6343321        -0.3023391      0.6343321         -0.782943  
    0.6213296        -0.3080262      0.6213296        -0.8313355  
    0.6083556        -0.3136311      0.6083556        -0.8807038  
    0.5954059        -0.3190886      0.5954059        -0.9309882  
    0.5824752         -0.324266      0.5824752        -0.9822148  
    0.5695625         -0.328849      0.5695625         -1.034592  
    0.5566733        -0.3319654      0.5566733         -1.088253  
    0.5438188        -0.3305751      0.5438188         -1.143647  
    0.5310124        -0.3208294      0.5310124         -1.200747  
    0.5182571        -0.3406372      0.5182571         -1.259006  
    0.5055429        -0.3745996      0.5055429         -1.318223  
    0.4928471        -0.4212412      0.4928471         -1.377665  
    0.4801457        -0.4787275      0.4801457         -1.437704  
    0.4674401        -0.5449273      0.4674401         -1.499586  
    0.4547652        -0.6175841      0.4547652         -1.564158  
    0.4421866        -0.6949409      0.4421866          -1.63549  
     0.429772        -0.7747839       0.429772         -1.711424  
    0.4175374        -0.8543145      0.4175374         -1.786213  
    0.4054426        -0.9310224      0.4054426         -1.856649  
    0.3934001         -1.001341      0.3934001         -1.912863  
    0.3812975         -1.064302      0.3812975         -1.954754  
    0.3690526         -1.122596      0.3690526         -1.992378  
    0.3566348         -1.178546      0.3566348         -2.029626  
    0.3440756         -1.235705      0.3440756         -2.074571  
      0.33146         -1.295934        0.33146          -2.13027  
    0.3188656         -1.357641      0.3188656         -2.190447  
    0.3063319         -1.420158      0.3063319         -2.253625  
    0.2938605         -1.482725      0.2938605         -2.317768  
    0.2814251         -1.545304      0.2814251         -2.382468  
    0.2690002         -1.608896      0.2690002         -2.449749  
    0.2565726         -1.674276      0.2565726         -2.520588  
    0.2441412         -1.742397      0.2441412         -2.596414  
    0.2317158         -1.814089      0.2317158         -2.678373  
    0.2193128         -1.889878      0.2193128         -2.766854  
    0.2069522         -1.970643      0.2069522         -2.862989  
    0.1946575         -2.058068      0.1946575         -2.969613  
    0.1824542         -2.153564      0.1824542         -3.088995  
    0.1703637         -2.256831      0.1703637         -3.219772  
    0.1583995         -2.368597      0.1583995         -3.362933  
     0.146568         -2.490533       0.146568         -3.521037  
    0.1348738          -2.62507      0.1348738         -3.697927  
    0.1233464         -2.773305      0.1233464         -3.894673  
    0.1120498         -2.937296      0.1120498         -4.114287  
    0.1010717         -3.120327      0.1010717         -4.361581  
   0.09050952         -3.329885     0.09050952         -4.649236  
    0.0804864         -3.566039      0.0804864         -4.976279  
   0.07115304         -3.829826     0.07115304         -5.344876  
   0.06261892         -4.123481     0.06261892         -5.760264  
   0.05490134         -4.438612     0.05490134         -6.207976  
   0.04794403         -4.779188     0.04794403         -6.694941  
   0.04167154         -5.156671     0.04167154         -7.240827  
   0.03605813         -5.563147     0.03605813         -7.831512  
   0.03109705         -5.998053     0.03109705         -8.466568  
   0.02674973          -6.46958     0.02674973          -9.15752  
   0.02294751         -7.018062     0.02294751         -9.970086  
   0.01961706         -7.690759     0.01961706         -10.98691  
   0.01669678         -8.401306     0.01669678         -12.06674  
   0.01412665         -9.115575     0.01412665         -13.17022  
   0.01185358         -9.815161     0.01185358           -14.288  
  0.009833841         -10.49782    0.009833841         -15.44126  
  0.008036758         -11.20625    0.008036758         -16.67436  
  0.006438901         -13.12531    0.006438901         -18.11925  
  0.005024264         -14.35354    0.005024264         -20.20784  
  0.003797255         -14.69257    0.003797255          -21.9902  
  0.002760029          -15.2462    0.002760029         -22.83709  
   0.00190256         -15.57172     0.00190256          -23.3874  
  0.001212125         -15.73645    0.001212125         -23.77212  
 0.0006775052         -15.78635   0.0006775052         -24.02349  
 0.0002903432         -15.72087   0.0002903432         -24.12635  
 4.571033e-05         -15.51353   4.571033e-05         -24.03207  
-5.751153e-05         -15.11422  -5.751153e-05         -23.65987  
-1.605807e-05         -14.42614  -1.605807e-05         -22.86732  
 0.0001764365         -13.27918   0.0001764365         -21.32279  
  0.000518868         -11.90631    0.000518868         -19.39665  
  0.001010478         -10.48348    0.001010478         -17.36435  
  0.001654875         -9.087331    0.001654875         -15.34152  
  0.002459405         -7.763491    0.002459405         -13.39971  
  0.003434368         -6.533398    0.003434368          -11.5742  
  0.004591262         -5.404667    0.004591262         -9.875533  
  0.005938587         -4.355241    0.005938587         -8.277121  
  0.007476423         -3.328057    0.007476423         -6.655751  
  0.009207856         -2.455513    0.009207856         -5.246805  
   0.01114809         -1.775499     0.01114809         -4.144475  
   0.01332231         -1.210244     0.01332231         -3.212781  
   0.01575921        -0.7427574     0.01575921          -2.42936  
   0.01850168        -0.3523388     0.01850168         -1.760852  
   0.02160686       -0.02725038     0.02160686         -1.190148  
   0.02514149         0.2379703     0.02514149        -0.7106962  
   0.02917655         0.4441751     0.02917655        -0.3297854  
   0.03379273         0.6055603     0.03379273       -0.02336112  
   0.03906937          0.733117     0.03906937         0.2298257  
   0.04505501         0.8306695     0.04505501         0.4358014  
    0.0517636         0.9018126      0.0517636         0.5991296  
   0.05922983         0.9504912     0.05922983         0.7252281  
    0.0675316          0.981049      0.0675316         0.8213716  
   0.07670877         0.9965337     0.07670877         0.8921961  
   0.08670612         0.9998111     0.08670612         0.9414768  
   0.09737508         0.9936151     0.09737508         0.9732918  
    0.1085507         0.9805019      0.1085507         0.9913874  
    0.1201147         0.9625119      0.1201147         0.9991407  
     0.131965         0.9413137       0.131965         0.9992272  
    0.1440135         0.9180859      0.1440135         0.9937247  
    0.1562011          0.893679      0.1562011         0.9842003  
    0.1685031         0.8685247      0.1685031         0.9717686  
    0.1809072         0.8430509      0.1809072           0.95724  
    0.1934006         0.8174941      0.1934006         0.9412095  
    0.2059691         0.7919843      0.2059691         0.9240982  
    0.2185981         0.7665852      0.2185981         0.9062088  
    0.2312714          0.741435      0.2312714         0.8878088  
    0.2439705          0.716608      0.2439705         0.8690973  
    0.2566753          0.692085      0.2566753         0.8501932  
    0.2693673         0.6678803      0.2693673         0.8312018  
    0.2820404         0.6441252      0.2820404         0.8122686  
    0.2947052          0.620881      0.2947052         0.7934799  
     0.307389         0.5983186       0.307389         0.7749836  
    0.3201237         0.5764023      0.3201237         0.7567952  
     0.332913         0.5548298       0.332913         0.7387676  
    0.3457178         0.5333768      0.3457178         0.7208166  
    0.3584574         0.5111559      0.3584574         0.7023731  
     0.371043         0.4885357       0.371043         0.6837195  
    0.3834451         0.4667678      0.3834451         0.6656926  
    0.3957011         0.4466801      0.3957011         0.6487901  
    0.4079036         0.4302527      0.4079036          0.634447  
    0.4201726         0.4172847      0.4201726         0.6225014  
    0.4325955         0.4061956      0.4325955         0.6118395  
    0.4452072          0.396207      0.4452072         0.6020296  
    0.4579803         0.3859836      0.4579803         0.5921037  
    0.4708398          0.375425      0.4708398           0.58207  
    0.4837233         0.3652206      0.4837233         0.5724889  
    0.4966027         0.3556089      0.4966027         0.5634925  
    0.5094853         0.3468732      0.5094853          0.555293  
    0.5223983         0.3389284      0.5223983         0.5478049  
    0.5353618         0.3315947      0.5353618         0.5408889  
     0.548383         0.3247507       0.548383         0.5344667  
    0.5614559         0.3182284      0.5614559         0.5284087  
    0.5745684         0.3120558      0.5745684         0.5227564  
    0.5877116         0.3062578      0.5877116         0.5175343  
    0.6008821         0.3008251      0.6008821         0.5127353  
    0.6140812         0.2957394      0.6140812         0.5083472  
     0.627312         0.2909784       0.627312         0.5043561  
    0.6405772         0.2865183      0.6405772         0.5007478  
    0.6538783         0.2823363      0.6538783           0.49751  
    0.6672161         0.2784101      0.6672161         0.4946318  
     0.680589         0.2747188       0.680589         0.4921036  
    0.6939935         0.2712488      0.6939935         0.4899221  
    0.7074233         0.2680267      0.7074233         0.4881256  
    0.7208698         0.2650092      0.7208698         0.4866871  
    0.7343217         0.2621123      0.7343217         0.4855461  
     0.747765         0.2592934       0.747765         0.4846866  
     0.761183         0.2565485       0.761183         0.4841333  
    0.7745587         0.2537718      0.7745587         0.4838116  
    0.7878758         0.2508667      0.7878758         0.4836648  
    0.8011192          0.247805      0.8011192         0.4837085  
     0.814276         0.2445688       0.814276         0.4839832  
    0.8273404         0.2408467      0.8273404         0.4842568  
    0.8403173         0.2363723      0.8403173          0.484392  
    0.8532211         0.2307436      0.8532211         0.4841387  
    0.8660704         0.2236758      0.8660704         0.4833762  
    0.8788643         0.2154982      0.8788643         0.4825513  
    0.8915711          0.206473      0.8915711         0.4819508  
     0.904132         0.1979681       0.904132         0.4828943  
    0.9164616         0.1899844      0.9164616         0.4855625  
    0.9284397         0.1791478      0.9284397         0.4874091  
    0.9399306         0.1631871      0.9399306         0.4873381  
    0.9508151         0.1392045      0.9508151         0.4840503  
    0.9610166         0.1034129      0.9610166         0.4762038  
     0.970516        0.05452733       0.970516         0.4652351  
    0.9793414       -0.01330995      0.9793414         0.4516635  
    0.9875446        -0.1096886      0.9875446         0.4349206  
    0.9951858        -0.3336733      0.9951858         0.4174645  
            1        -0.1568657              1          0.394805  

