     X       NACA 64(2)-215-(201)-Re=   3e+06-Alpha=17.50-NCrit=  9.0-XTrTop=0.009-XtrBot=1.000         X       Wall_shear_Top         X       Wall_shear_Bot    
                                    0.05922983      3.446335e-05      0.0675316       0.000266863  
                                     0.0517636      0.0004113669     0.07670877      0.0004736863  
                                    0.04505501      0.0008610081     0.08670612      0.0006798295  
                                    0.03906937       0.001460608     0.09737508      0.0007871242  
                                    0.03379273       0.002147004      0.1085507      0.0009134938  
                                    0.02917655       0.003027398      0.1201147      0.0009745036  
                                    0.02514149       0.004124316       0.131965       0.001040439  
                                    0.02160686       0.005553776      0.1440135       0.001077097  
                                    0.01850168       0.007126728      0.1562011       0.001111228  
                                    0.01575921       0.009006695      0.1685031       0.001136211  
                                    0.01332231        0.01118659      0.1809072       0.001153933  
                                    0.01114809        0.01385424      0.1934006       0.001167125  
                                   0.009207856         0.0169451      0.2059691       0.001178274  
                                   0.007476423        0.02146224      0.2185981       0.001187975  
                                   0.005938587        0.02531128      0.2312714       0.001194333  
                                   0.004591262        0.02779036      0.2439705       0.001199074  
                                   0.003434368        0.03173852      0.2566753        0.00120427  
                                   0.002459405        0.03572043      0.2693673       0.001209052  
                                   0.001654875        0.03980821      0.2820404       0.001210391  
                                   0.001010478        0.04364273      0.2947052       0.001208827  
                                   0.000518868        0.04676187       0.307389       0.001201598  
                                  0.0001764365        0.04851375      0.3201237       0.001192331  
                                 -1.605807e-05        0.04710477       0.332913       0.001187733  
                                 -5.751153e-05        0.04128824      0.3457178       0.001189314  
                                  4.571033e-05        0.03675297      0.3584574       0.001210399  
                                  0.0002903432        0.03277918       0.371043       0.001232657  
                                  0.0006775052        0.02906091      0.3834451        0.00123448  
                                   0.001212125        0.02538064      0.3957011       0.001213391  
                                    0.00190256        0.02127054      0.4079036       0.001147797  
                                   0.002760029        0.01554815      0.4201726       0.001063931  
                                   0.003797255       0.006003476      0.4325955      0.0009940819  
                                   0.005024264      -0.002435962      0.4452072      0.0009409111  
                                   0.006438901      -0.002102788      0.4579803      0.0009151564  
                                   0.008036758      -0.001958252      0.4708398       0.000904064  
                                   0.009833841      0.0008150313      0.4837233      0.0008907133  
                                    0.01185358        0.01637355      0.4966027      0.0008729846  
                                    0.01412665        0.02715247      0.5094853      0.0008488993  
                                    0.01669678         0.0292577      0.5223983      0.0008221264  
                                    0.01961706        0.02735969      0.5353618      0.0007959237  
                                    0.02294751        0.02436138       0.548383      0.0007714735  
                                    0.02674973        0.02187142      0.5614559      0.0007500812  
                                    0.03109705        0.01976372      0.5745684      0.0007301571  
                                    0.03605813         0.0178285      0.5877116      0.0007107845  
                                    0.04167154        0.01605804      0.6008821      0.0006917965  
                                    0.04794403        0.01447714      0.6140812      0.0006731852  
                                    0.05490134        0.01314631       0.627312       0.000654995  
                                    0.06261892        0.01198308      0.6405772      0.0006372842  
                                    0.07115304         0.0109562      0.6538783      0.0006200935  
                                     0.0804864        0.01010907      0.6672161      0.0006034542  
                                    0.09050952       0.009405684       0.680589      0.0005873833  
                                     0.1010717        0.00882362      0.6939935      0.0005718227  
                                     0.1120498       0.008355055      0.7074233      0.0005563748  
                                     0.1233464       0.007950368      0.7208698        0.00054148  
                                     0.1348738       0.007591163      0.7343217      0.0005278629  
                                      0.146568       0.007269258       0.747765      0.0005156621  
                                     0.1583995       0.006983569       0.761183      0.0005046676  
                                     0.1703637       0.006724702      0.7745587       0.000495669  
                                     0.1824542       0.006487096      0.7878758      0.0004891799  
                                     0.1946575       0.006270085      0.8011192      0.0004850137  
                                     0.2069522       0.006078314       0.814276      0.0004830614  
                                     0.2193128       0.005905428      0.8273404      0.0004857429  
                                     0.2317158       0.005743297      0.8403173      0.0004945649  
                                     0.2441412       0.005588635      0.8532211      0.0005116232  
                                     0.2565726       0.005440231      0.8660704      0.0005372997  
                                     0.2690002       0.005294976      0.8788643      0.0005669459  
                                     0.2814251       0.005149094      0.8915711      0.0005972767  
                                     0.2938605       0.004999925       0.904132      0.0006181192  
                                     0.3063319       0.004843501      0.9164616      0.0006329911  
                                     0.3188656       0.004682034      0.9284397      0.0006703407  
                                       0.33146       0.004521595      0.9399306      0.0007455131  
                                     0.3440756       0.004367146      0.9508151      0.0008756259  
                                     0.3566348       0.004229081      0.9610166       0.001082101  
                                     0.3690526       0.004096481       0.970516       0.001367819  
                                     0.3812975       0.003948127      0.9793414        0.00177194  
                                     0.3934001        0.00377065      0.9875446       0.002364083  
                                     0.4054426       0.003546947      0.9951858       0.003923858  
                                     0.4175374       0.003282173              1        0.00209735  
                                      0.429772       0.002997693         1.0001                 0  
                                     0.4421866       0.002705417       1.004916                 0  
                                     0.4547652       0.002416977       1.010412                 0  
                                     0.4674401       0.002136535       1.016679                 0  
                                     0.4801457       0.001861159       1.023822                 0  
                                     0.4928471       0.001591691       1.031964                 0  
                                     0.5055429       0.001330203       1.041243                 0  
                                     0.5182571       0.001080623       1.051817                 0  
                                     0.5310124      0.0008481608       1.063867                 0  
                                     0.5438188      0.0006376381       1.077595                 0  
                                     0.5566733      0.0004528243       1.093237                 0  
                                     0.5695625       0.000295004       1.111056                 0  
                                     0.5824752       0.000161671       1.131354                 0  
                                     0.5954059      4.369572e-05       1.154473                 0  
                                     0.6083556       3.61194e-06       1.180805                 0  
                                     0.6213296     -6.229121e-07       1.210791                 0  
                                     0.6343321     -2.818661e-06       1.244936                 0  
                                     0.6473649     -3.776078e-06       1.283813                 0  
                                     0.6604272     -4.048169e-06       1.328073                 0  
                                     0.6735169     -4.026402e-06       1.378456                 0  
                                     0.6866319     -3.896061e-06       1.435805                 0  
                                     0.6997712      -3.73326e-06       1.501074                 0  
                                     0.7129342     -3.582997e-06       1.575353                 0  
                                     0.7261219     -3.448326e-06       1.659877                 0  
                                     0.7393365      -3.32655e-06       1.756054                 0  
                                     0.7525822     -3.214794e-06       1.865484                 0  
                                     0.7658644     -3.110832e-06                                   
                                     0.7791853     -3.013092e-06                                   
                                     0.7925402     -2.920488e-06                                   
                                     0.8059168     -2.832296e-06                                   
                                      0.819295     -2.748039e-06                                   
                                     0.8326495      -2.66739e-06                                   
                                      0.845952     -2.590145e-06                                   
                                      0.859172     -2.516186e-06                                   
                                     0.8722853     -2.445414e-06                                   
                                     0.8852874     -2.377657e-06                                   
                                     0.8981947     -2.312676e-06                                   
                                     0.9110376     -2.250195e-06                                   
                                     0.9237892     -2.190247e-06                                   
                                     0.9362803     -2.133492e-06                                   
                                     0.9482419     -2.080925e-06                                   
                                     0.9594138     -2.033364e-06                                   
                                     0.9696582     -1.991026e-06                                   
                                     0.9789797     -1.953533e-06                                   
                                     0.9874583     -1.920261e-06                                   
                                     0.9951978     -1.890552e-06                                   
                                             1     -1.872309e-06                                   
                                        1.0001                 0                                   
                                      1.004916                 0                                   
                                      1.010412                 0                                   
                                      1.016679                 0                                   
                                      1.023822                 0                                   
                                      1.031964                 0                                   
                                      1.041243                 0                                   
                                      1.051817                 0                                   
                                      1.063867                 0                                   
                                      1.077595                 0                                   
                                      1.093237                 0                                   
                                      1.111056                 0                                   
                                      1.131354                 0                                   
                                      1.154473                 0                                   
                                      1.180805                 0                                   
                                      1.210791                 0                                   
                                      1.244936                 0                                   
                                      1.283813                 0                                   
                                      1.328073                 0                                   
                                      1.378456                 0                                   
                                      1.435805                 0                                   
                                      1.501074                 0                                   
                                      1.575353                 0                                   
                                      1.659877                 0                                   
                                      1.756054                 0                                   
                                      1.865484                 0                                   

